default default 10 1 219 210 180 255 189 180 150 255
highway primary 25 3 254 216 155 255 176 124 0 255
highway secondary 25 5 243 254 181 255 117 144 0 255
highway tertiary 15 5 255 255 255 255 174 174 174 255
highway unclassified 15 2 255 255 255 255 174 174 174 255
highway residential 15 2 255 255 255 255 174 174 174 255
highway service 8 2 255 255 255 255 174 174 174 255
highway living_street 15 2 237 238 237 255 197 197 197 255
highway pedestrian 15 2 223 220 234 255 168 166 167 255
railway tram 9 0 69 69 69 255 69 69 69 255
waterway river 15 0 136 189 214 255 136 189 214 255
waterway canal 8 0 136 189 214 255 136 189 214 255
natural water 0 0 136 189 214 255 136 189 214 255
natural coastline 0 0 136 189 214 255 136 189 214 255
building yes 1 0 190 190 190 255 80 80 80 255
landuse grass 1 0 197 236 148 255 197 236 148 255
landuse forest 1 0 157 202 138 255 157 202 138 255
landuse basin 1 0 166 198 198 255 166 198 198 255
landuse brownfield 1 0 167 168 126 255 167 168 126 255
landuse industrial 1 0 230 209 227 255 230 209 227 255
landuse reservoir 1 0 166 198 198 255 166 198 198 255
landuse village_green 1 0 197 236 148 255 197 236 148 255
landuse farmyard 1 0 234 204 164 255 234 204 164 255
landuse garages 1 0 214 214 196 255 214 214 196 255
landuse greenfield 1 0 241 238 232 255 241 238 232 255
landuse construction 1 0 167 168 126 255 167 168 126 255
landuse farm 1 0 249 232 203 255 249 232 203 255
landuse landfill 1 0 167 168 126 255 167 168 126 255
leisure park 2 0 205 247 201 255 180 210 180 255
leisure pitch 2 0 138 211 175 255 138 211 175 255
leisure garden 2 0 207 236 168 255 207 236 168 255